100 500 500 5000
258 120
274 23
242 150
101 220
284 250
285 404
177 61
453 210
310 164
218 370
234 18
4 482
245 47
303 354
450 422
165 209
394 291
232 136
442 186
356 78
288 494
482 465
407 288
176 217
304 394
440 390
264 444
225 9
344 28
215 294
302 380
3 196
172 88
184 466
274 393
396 62
239 378
28 146
18 56
216 175
302 156
65 418
452 290
279 296
171 494
91 325
226 446
22 398
34 58
216 160
303 112
223 42
343 103
189 361
11 405
388 313
413 454
231 217
96 362
14 267
356 457
93 82
403 467
333 438
377 49
98 181
162 173
223 5
128 264
218 139
21 459
304 286
413 387
4 9
249 18
277 105
475 222
40 230
189 373
168 66
422 119
247 436
144 323
293 273
439 364
264 461
323 421
247 236
308 103
97 410
121 226
367 448
448 407
179 489
132 199
56 55
170 155
343 167
330 137
292 122
353 408
83 176
329 182
264 490
286 213
400 259
440 119
60 240
27 91
230 159
142 138
66 165
145 262
332 328
251 124
450 104
32 385
132 362
67 396
204 205
109 104
317 401
75 377
494 102
320 224
114 462
214 32
127 211
146 459
391 397
435 341
1 468
226 485
182 146
381 238
203 343
342 20
96 417
249 90
372 69
166 338
384 232
222 11
444 369
323 335
266 258
29 120
78 107
457 112
105 339
350 309
34 44
181 130
314 283
73 38
204 239
376 440
324 450
452 268
319 127
455 438
237 336
410 168
444 367
280 401
58 483
62 444
27 96
427 193
379 0
231 435
91 459
376 415
262 180
35 433
307 343
371 396
179 133
64 475
353 197
229 411
180 291
208 59
387 135
253 118
487 336
406 78
148 282
346 410
314 381
343 473
224 67
369 256
52 434
83 405
131 312
169 163
104 377
222 343
12 327
462 351
16 220
429 164
2 127
426 168
9 121
141 85
188 10
193 241
296 277
498 279
441 167
442 397
44 165
241 408
344 55
111 360
275 41
376 129
168 302
297 29
424 290
467 464
152 160
57 449
289 56
228 231
223 23
480 120
188 221
380 384
128 344
245 255
385 121
384 405
276 33
287 52
323 254
16 476
266 426
277 56
482 357
139 57
380 471
29 420
193 262
305 173
106 402
429 343
375 165
100 151
199 387
55 374
493 424
202 112
350 331
168 184
189 159
241 69
130 123
342 175
385 147
349 343
401 130
38 276
295 138
280 346
378 335
73 223
259 275
335 461
107 355
145 148
14 387
69 497
362 411
24 99
58 225
442 459
355 480
88 3
470 368
349 348
55 422
72 315
50 407
276 9
263 274
157 129
161 226
478 375
490 3
474 48
228 268
360 436
248 300
439 218
168 140
419 75
415 491
242 317
250 19
326 365
145 335
495 158
413 473
33 403
328 7
304 57
275 16
345 375
316 284
445 336
276 364
411 191
207 154
8 458
25 186
323 170
373 170
328 139
144 213
42 324
220 198
381 347
214 226
222 382
362 167
218 491
384 482
182 91
488 43
401 13
81 225
35 307
247 215
446 243
428 340
68 0
39 449
347 105
28 421
488 242
440 58
233 324
392 268
416 380
163 317
245 96
394 132
403 142
347 349
385 127
190 453
127 229
255 326
334 135
247 174
229 188
85 463
364 477
83 280
358 98
450 455
194 344
88 98
338 435
447 76
415 137
29 42
218 136
221 405
271 320
79 1
360 164
316 225
494 251
5 352
349 307
307 43
4 395
141 342
183 441
418 450
430 300
492 149
436 65
406 60
386 337
413 246
2 229
471 496
332 329
200 181
136 359
76 492
107 218
335 290
11 105
240 441
405 84
442 342
2 348
254 388
186 167
486 40
248 310
388 80
139 88
113 127
299 189
120 406
259 307
48 270
412 288
212 318
225 6
12 227
355 118
467 41
285 453
433 385
115 321
465 254
261 430
234 60
119 206
467 379
365 15
149 277
156 213
447 233
220 311
312 427
429 279
320 66
84 253
451 200
426 268
306 187
198 392
247 318
98 66
49 463
434 50
93 90
264 392
323 336
204 135
115 485
266 435
52 202
40 355
254 466
476 413
153 174
305 252
344 256
319 393
71 253
444 16
195 60
409 18
248 113
5 363
450 123
298 354
177 338
210 432
304 186
345 309
212 2
61 409
110 380
302 182
485 98
198 180
10 459
50 258
424 407
121 375
382 271
229 60
461 291
344 117
329 41
426 394
43 340
303 6
72 105
188 58
56 238
90 66
198 141
325 122
400 298
349 283
70 79
343 383
222 39
1 52
80 279
446 475
119 249
481 192
206 21
102 114
260 192
181 310
185 358
432 438
156 282
221 78
213 416
314 435
455 315
339 387
446 137
362 418
238 344
462 297
365 64
411 477
108 92
287 146
302 72
84 311
354 157
389 419
425 203
206 380
370 46
119 317
183 481
87 422
177 49
71 395
465 482
224 73
427 12
71 229
436 7
40 290
164 282
61 89
337 267
321 208
313 440
377 349
274 464
123 303
365 194
50 330
176 275
255 455
139 327
185 75
334 77
217 351
359 278
440 197
45 114
257 211
54 486
412 180
450 35
336 167
229 386
497 257
13 252
213 152
79 250
79 266
327 296
117 39
426 409
88 472
23 345
35 430
331 447
110 133
482 446
300 63
185 297
172 198
401 385
351 333
135 430
99 315
79 216
206 5
125 294
329 1
139 364
431 322
163 393
307 497
340 107
60 25
256 233
75 9
470 426
342 458
209 441
125 140
9 331
145 487
125 475
488 116
191 271
438 355
164 97
352 4
204 265
381 312
350 309
173 172
87 16
130 296
457 107
436 319
438 434
158 415
409 146
31 100
417 321
307 81
418 12
438 474
277 171
138 479
332 312
151 420
328 134
68 137
93 357
308 32
291 466
447 200
112 331
152 381
152 312
315 423
324 105
397 453
128 36
284 461
200 435
381 28
421 449
17 15
306 326
399 449
292 198
1 257
29 154
490 182
318 305
105 494
262 354
447 391
242 231
204 442
18 85
470 292
386 488
159 45
166 58
494 458
108 496
67 138
2 58
172 320
215 129
314 478
483 113
221 78
196 425
20 66
362 343
210 100
183 221
145 349
131 140
159 240
136 227
378 490
285 402
162 0
31 328
330 366
441 51
296 489
328 317
407 190
160 118
291 343
339 288
192 471
428 203
63 416
430 293
258 215
195 420
68 78
248 250
296 189
302 93
30 482
410 438
25 422
408 168
265 99
456 309
422 237
12 485
5 295
278 264
10 325
184 430
403 433
181 200
474 335
293 5
169 55
295 194
477 55
362 94
6 171
403 281
408 267
266 413
62 397
29 425
74 214
207 478
147 240
30 473
75 175
330 97
230 477
291 207
32 6
153 391
177 56
172 437
175 290
202 238
39 232
15 114
446 222
92 445
463 474
270 390
149 101
487 379
78 131
438 463
137 91
354 166
499 26
103 174
316 305
264 356
389 131
470 187
354 414
484 169
388 255
411 389
356 251
268 286
382 58
249 371
149 103
37 0
481 140
26 150
297 143
358 187
274 180
374 480
94 359
149 334
466 413
223 322
164 343
460 46
401 210
417 402
165 306
254 499
446 280
149 95
423 7
134 198
187 9
178 133
220 180
319 186
93 394
360 109
237 320
7 490
382 424
244 400
82 498
399 28
278 48
475 54
407 110
252 446
471 282
431 43
314 102
229 407
496 441
16 233
113 23
75 496
299 319
396 381
317 147
261 447
47 89
1 454
199 105
252 170
388 35
213 202
137 294
462 133
87 330
218 200
206 293
48 357
464 296
91 281
443 204
228 490
293 230
296 344
187 48
14 75
435 79
130 72
225 444
57 164
126 127
217 184
272 265
42 236
62 485
17 5
189 98
348 335
180 144
179 367
45 46
295 480
125 277
405 203
221 314
367 199
442 84
384 66
202 426
303 116
263 172
121 452
122 321
287 302
466 467
22 11
13 317
343 490
446 248
45 19
63 265
218 357
201 102
423 403
380 78
19 143
103 493
96 225
314 235
380 132
54 402
143 419
71 487
262 17
87 307
36 2
424 254
211 126
357 135
381 89
65 253
233 168
246 181
394 412
416 126
45 323
28 40
242 99
379 356
116 467
16 4
321 440
258 33
66 467
20 300
57 85
53 142
106 151
323 352
63 91
478 460
414 6
1 9
457 380
217 425
199 233
429 21
174 39
406 92
359 426
244 268
363 297
410 469
448 85
321 364
176 151
324 443
157 177
304 466
58 21
391 109
255 172
130 281
64 388
225 423
314 470
191 178
267 453
499 68
38 321
432 214
472 108
9 482
286 313
300 196
187 192
305 294
216 288
427 280
176 152
55 343
122 98
373 242
51 372
162 441
193 446
8 18
54 17
352 192
183 152
240 370
196 398
164 413
38 91
45 214
95 453
409 70
51 282
164 455
155 326
396 200
272 404
70 178
422 274
223 457
427 463
327 475
361 343
240 399
286 286
466 381
91 375
303 142
10 467
449 17
293 346
217 417
102 140
96 376
414 319
333 193
282 12
169 496
355 409
395 493
47 361
227 138
89 30
133 451
498 82
468 143
280 37
61 383
177 9
111 444
328 445
137 462
457 158
458 165
420 206
158 467
67 385
458 8
416 443
459 266
377 427
261 158
465 322
393 494
331 356
438 11
301 428
474 111
438 432
276 358
490 434
326 58
172 136
418 440
79 230
58 308
157 319
466 474
142 211
321 325
68 111
337 221
39 311
332 330
95 460
188 86
247 366
496 419
2 414
359 433
144 417
242 154
236 60
480 230
124 301
56 44
413 393
265 304
56 450
134 151
410 175
89 157
41 85
76 44
352 287
329 348
56 71
354 145
484 335
375 108
488 283
152 253
176 417
410 232
367 396
236 130
71 325
139 113
263 68
9 467
355 338
167 264
262 22
409 246
209 136
354 49
420 6
303 96
275 65
181 495
461 417
477 385
94 116
350 357
184 359
176 40
49 344
156 163
366 65
409 427
53 115
476 473
473 131
422 249
196 103
96 10
372 73
395 318
189 97
28 374
308 204
266 357
48 422
373 266
339 282
45 392
250 374
366 223
5 140
324 54
95 420
416 467
493 163
137 183
260 165
409 68
370 175
277 270
449 150
389 288
285 434
32 35
308 250
258 166
390 83
72 485
355 488
304 349
151 442
384 263
107 293
331 329
320 460
100 269
111 341
409 248
275 441
283 436
192 393
454 434
328 26
420 184
366 76
385 369
18 269
132 478
414 315
307 234
275 259
355 238
100 264
486 228
205 121
16 249
367 470
184 195
348 456
231 214
32 468
83 51
237 67
29 3
382 188
89 157
448 444
248 400
60 86
128 266
60 144
367 427
466 51
474 314
359 58
380 392
26 315
295 116
382 176
119 264
364 209
274 164
5 22
65 66
460 45
184 20
190 403
447 156
307 274
323 166
332 203
58 358
19 205
474 253
381 446
18 98
7 292
114 12
166 179
430 478
225 466
499 267
370 298
275 177
424 450
343 256
6 254
467 25
311 441
130 45
239 148
495 246
292 109
259 310
141 41
289 218
8 140
485 230
290 112
407 215
63 102
471 69
208 438
446 372
232 76
417 471
77 412
218 369
21 329
32 162
222 173
232 230
313 69
312 455
182 219
170 97
174 494
18 234
284 316
106 16
392 23
340 321
435 410
43 309
239 75
323 313
248 56
396 413
125 208
368 159
428 391
108 454
385 126
188 169
442 295
38 187
318 378
8 106
288 51
267 379
478 90
192 78
498 88
491 476
149 212
135 77
103 96
383 488
222 71
9 17
366 47
204 37
277 64
495 417
468 262
296 446
204 341
25 203
281 368
179 430
80 166
359 35
262 242
23 337
166 385
354 32
432 58
421 62
474 416
479 442
30 128
389 235
469 266
438 102
134 469
385 215
135 96
250 250
191 126
87 357
363 441
389 295
351 163
209 325
431 189
268 462
317 9
197 138
275 487
240 409
456 477
476 443
74 79
193 265
57 132
474 420
425 363
67 276
378 277
454 310
466 74
272 283
83 321
421 210
308 13
119 264
491 448
59 417
27 253
34 84
237 8
4 163
223 423
439 102
200 245
264 166
319 388
301 254
209 222
464 17
88 84
133 79
32 192
348 411
297 382
495 35
242 351
50 465
274 489
419 327
87 183
493 406
423 147
161 132
221 125
1 309
61 134
388 445
179 88
356 328
322 203
215 64
406 265
382 33
107 301
360 194
337 205
452 260
352 465
245 74
443 246
383 4
233 124
302 264
212 10
92 35
214 160
451 120
277 333
153 384
135 365
430 324
71 235
436 423
200 181
349 143
280 233
0 13
209 302
277 421
312 221
308 378
381 260
351 159
93 356
395 80
222 178
256 293
413 193
68 113
226 418
109 6
3 109
371 212
263 0
485 427
222 294
306 455
406 157
466 499
365 214
432 87
392 188
232 157
233 153
122 312
71 231
170 426
192 42
490 307
42 475
235 116
121 393
424 27
402 242
379 267
456 311
207 200
351 439
357 437
92 480
249 15
63 419
293 108
461 283
415 356
259 2
324 232
395 248
260 149
491 491
417 299
154 476
0 357
415 357
294 360
189 43
227 105
315 21
213 128
156 480
484 415
483 161
0 230
409 112
380 252
103 149
52 257
125 404
114 392
113 261
104 303
304 332
408 471
205 473
100 361
453 436
129 288
97 129
371 359
241 103
463 344
252 15
453 229
271 419
473 385
180 78
40 337
262 300
308 467
273 260
328 78
197 457
367 294
438 238
153 179
341 117
375 445
484 180
26 108
100 499
493 132
429 385
321 191
185 482
158 458
242 339
36 291
148 255
86 87
493 91
118 186
60 346
131 397
26 157
5 478
9 350
463 438
235 136
130 272
118 140
82 213
479 118
356 480
226 442
419 71
386 389
258 298
235 389
47 114
399 404
444 408
254 407
346 341
44 328
113 14
469 195
79 300
166 436
132 244
230 51
315 468
441 73
267 28
315 314
142 66
219 439
474 325
346 172
19 242
353 484
109 322
180 40
474 198
328 107
442 59
10 257
379 303
183 498
332 498
313 326
416 384
265 390
61 464
414 80
58 267
65 19
441 97
60 416
147 388
375 441
299 385
50 179
189 233
177 373
83 342
51 499
78 317
241 492
133 156
424 191
275 341
63 217
290 123
485 437
363 360
378 163
97 281
194 138
14 223
11 450
418 63
301 496
232 43
340 217
51 265
260 326
106 323
395 397
446 380
186 162
92 417
325 190
198 371
328 64
94 192
14 12
107 316
361 191
211 201
408 262
466 168
440 425
344 336
322 142
68 360
304 13
277 481
55 475
352 383
392 447
427 406
311 34
74 172
225 285
374 485
47 192
6 340
117 350
28 291
492 448
4 297
461 281
278 16
109 483
252 1
430 179
259 93
66 334
266 143
119 492
129 19
36 135
211 154
337 239
297 181
187 301
330 149
435 461
17 44
444 269
397 226
301 156
319 367
342 437
10 314
429 491
185 466
478 396
472 167
135 121
349 322
423 179
323 210
140 341
106 436
462 3
162 263
11 334
130 354
271 493
20 53
336 205
371 315
101 343
482 88
316 183
262 91
363 86
301 355
279 407
144 241
262 158
5 274
492 487
480 116
480 0
169 169
57 392
484 158
235 318
98 51
354 360
495 69
446 296
276 77
204 420
319 318
79 324
92 423
311 424
39 144
276 60
313 333
452 149
491 39
319 441
443 173
302 438
242 100
234 371
178 290
291 497
109 370
173 53
146 336
330 185
480 106
246 145
440 50
146 283
90 318
225 33
343 27
323 438
127 57
309 305
200 100
154 161
323 327
66 469
164 396
6 496
3 104
494 443
155 492
78 97
162 303
130 6
182 453
444 162
362 105
319 414
57 474
75 380
153 142
201 317
390 60
166 393
164 12
188 319
4 119
268 167
422 398
25 457
203 321
119 418
426 438
332 483
264 260
216 418
254 269
87 144
329 253
38 494
265 78
165 122
197 434
141 472
184 166
429 240
487 400
10 265
190 342
248 455
454 316
225 208
86 312
353 267
418 243
113 35
321 131
157 371
417 150
343 101
316 124
193 155
376 203
420 66
398 169
373 352
337 450
61 275
263 266
43 33
9 156
68 182
287 78
53 56
80 248
10 397
372 203
52 100
259 325
167 157
494 392
361 183
343 274
459 458
40 2
491 49
10 411
84 150
341 137
206 422
238 216
171 462
272 75
63 31
400 82
40 246
474 401
430 169
28 389
127 68
243 470
470 253
234 54
403 427
43 110
201 281
178 224
244 450
300 159
481 52
241 373
299 215
275 81
385 303
322 364
223 65
335 45
170 421
99 426
348 495
388 50
128 66
274 372
17 426
383 350
479 124
224 130
340 351
63 77
6 237
441 81
154 128
127 324
401 226
250 250
73 138
152 202
57 278
426 426
57 310
276 388
434 352
370 126
55 433
55 61
22 349
143 176
477 270
0 231
348 103
481 274
93 485
476 150
115 254
428 172
64 205
60 351
409 430
477 465
215 385
378 237
234 21
265 63
143 266
294 344
221 275
470 166
112 298
169 228
52 97
400 469
154 313
320 64
95 149
381 163
34 259
252 268
133 18
332 128
284 126
472 357
254 294
23 366
92 192
446 145
290 199
466 444
12 286
360 107
287 241
122 322
1 375
442 134
393 126
262 29
105 87
386 211
233 261
77 326
454 376
323 96
75 289
392 87
75 253
46 214
346 169
388 199
396 331
333 289
309 448
318 414
387 56
125 120
317 55
446 123
431 121
219 358
410 464
445 337
69 343
52 415
364 440
115 260
123 300
49 433
100 219
347 487
275 325
460 445
380 258
68 163
380 140
21 142
456 318
480 25
13 384
292 378
324 407
138 300
60 40
233 12
111 432
0 387
257 312
184 489
70 104
152 302
96 25
445 52
195 277
77 209
161 222
87 337
481 77
137 41
117 222
54 229
155 406
468 264
70 4
106 140
108 110
295 205
136 92
257 331
369 187
40 382
261 479
71 242
57 61
136 26
283 190
107 290
448 427
407 18
431 13
10 392
123 157
97 111
249 206
295 470
245 187
352 6
167 424
249 76
337 385
102 120
427 62
263 227
489 22
245 273
35 107
165 10
265 114
122 14
172 417
485 418
104 189
276 123
465 25
199 302
262 154
275 41
216 390
268 57
412 365
182 447
473 199
309 90
313 283
104 486
200 441
256 157
483 32
132 448
58 332
103 172
486 378
214 54
268 334
111 32
200 294
331 25
345 140
115 159
424 71
497 476
13 253
485 496
285 118
296 195
302 399
368 288
277 434
342 397
268 305
281 320
451 112
345 297
105 460
308 29
32 305
357 397
58 195
245 343
313 41
39 115
441 407
255 70
193 449
320 461
254 101
134 58
214 479
355 319
292 163
200 176
468 409
425 26
104 170
369 417
211 260
384 4
167 491
75 212
440 395
26 47
496 160
105 62
491 460
233 283
475 285
311 295
195 236
173 299
258 394
69 322
155 305
326 174
297 401
387 237
148 413
284 145
73 389
59 64
201 293
200 28
78 363
175 273
452 348
425 210
243 494
32 398
151 211
424 448
464 311
38 113
76 322
110 149
64 169
66 117
462 118
498 393
481 173
166 433
22 443
496 265
289 380
15 441
91 439
389 56
103 427
169 179
102 279
181 18
448 247
135 263
217 485
156 198
159 174
484 181
118 480
298 407
360 165
200 304
456 90
360 59
369 381
91 323
160 272
341 460
371 329
75 88
314 83
138 473
258 122
6 228
102 304
487 315
321 188
119 278
130 331
189 351
212 280
175 224
404 368
36 127
197 112
215 364
47 206
189 157
328 196
385 283
352 225
450 174
413 69
304 395
252 493
246 464
274 421
188 30
290 76
158 339
188 225
203 236
431 393
393 112
441 131
395 293
356 197
319 121
118 123
16 370
117 114
334 243
388 374
125 178
450 283
369 491
361 425
79 292
318 324
256 259
455 3
404 163
200 224
136 318
199 4
188 316
119 374
411 7
100 37
37 51
172 258
394 33
183 473
178 353
297 434
464 105
290 369
120 490
445 109
161 144
113 201
313 84
76 224
443 176
113 332
79 286
91 325
319 126
298 349
480 448
284 444
405 74
165 377
416 110
486 77
107 100
279 272
36 207
496 332
235 462
164 315
248 107
492 419
234 291
269 214
91 405
158 496
331 324
373 247
286 360
177 245
312 308
17 200
15 366
32 250
328 197
417 428
304 410
347 390
53 468
104 144
225 115
492 56
291 365
156 429
77 333
175 389
493 192
90 8
58 122
110 238
171 380
166 328
290 14
218 195
334 175
339 60
142 331
116 285
48 124
214 126
309 241
367 302
434 309
310 344
284 273
83 307
153 249
135 295
115 206
490 450
381 181
362 23
364 478
160 412
103 374
390 412
468 110
67 254
419 377
98 55
2 33
363 155
135 350
450 250
56 292
52 437
473 414
312 189
245 472
102 348
199 344
112 167
454 179
421 226
409 371
133 263
405 496
419 40
347 221
142 255
14 195
193 339
109 357
29 206
330 483
54 381
327 19
400 134
50 321
212 311
44 345
75 449
194 346
341 393
419 484
148 285
31 193
125 492
51 6
199 233
341 105
114 168
476 14
154 27
187 366
190 231
64 117
33 258
315 226
151 235
210 151
20 93
345 497
86 396
3 285
129 344
390 95
365 367
461 371
246 148
90 288
231 154
406 116
412 221
343 415
308 405
66 329
499 411
326 85
159 182
222 288
378 464
235 95
331 196
467 429
196 57
218 428
63 476
44 475
49 239
242 358
145 308
187 144
72 365
81 231
399 303
372 130
267 107
225 451
304 44
380 0
453 450
280 16
426 177
343 476
416 85
186 61
246 373
57 318
90 138
49 490
293 421
120 61
381 197
12 185
242 244
37 47
195 318
64 473
347 259
301 263
345 487
177 91
212 234
409 155
225 310
497 18
84 469
79 465
166 443
2 260
40 39
308 87
209 224
412 56
483 214
320 180
53 349
271 118
83 32
125 160
343 122
179 427
91 110
244 109
406 246
222 446
137 382
385 347
106 297
403 441
363 75
122 269
276 245
239 360
278 364
372 473
338 51
400 429
14 496
390 272
242 112
218 379
494 455
78 452
252 334
246 116
261 368
385 38
113 124
250 243
340 122
216 178
26 468
459 40
464 349
312 58
314 382
438 160
337 368
465 441
202 211
57 464
431 294
2 396
270 252
140 110
374 208
140 400
177 99
292 493
301 104
52 115
338 342
127 175
210 444
117 413
155 26
229 438
173 231
187 443
483 327
406 209
387 46
462 416
498 254
410 299
211 462
266 49
156 393
77 366
190 46
131 345
424 360
136 97
443 323
393 278
2 151
488 389
49 450
306 47
56 216
346 267
30 464
169 186
210 246
404 400
292 36
97 216
248 233
166 192
56 59
470 58
210 310
300 111
260 458
159 169
174 357
436 56
322 457
94 32
203 498
284 347
386 381
416 135
115 82
327 23
493 149
82 55
460 234
166 72
192 325
241 218
35 30
274 357
487 368
241 43
218 25
390 105
406 158
240 373
240 419
397 85
68 331
140 28
65 307
453 257
484 194
327 19
76 101
228 64
321 321
107 39
346 349
144 105
8 236
478 100
155 375
38 224
206 178
104 123
337 57
232 174
104 59
45 180
160 274
244 333
447 203
225 294
405 369
251 265
458 81
365 113
309 403
189 367
434 294
491 271
203 223
297 307
283 343
488 295
469 84
481 416
140 206
62 45
427 313
310 385
395 27
499 56
283 40
423 217
334 266
340 390
490 138
197 125
333 185
272 302
122 253
218 262
311 281
307 239
94 469
124 341
496 475
249 279
16 173
348 202
291 189
92 281
179 142
258 12
179 383
314 301
488 32
63 300
165 222
39 112
43 15
453 392
343 55
171 211
228 372
265 19
61 210
153 92
352 263
104 31
498 270
185 487
302 100
139 468
175 178
80 218
45 385
110 240
292 134
451 20
6 217
392 419
427 397
11 131
12 467
162 11
237 347
350 391
300 489
211 475
19 143
193 416
29 156
157 321
290 108
194 148
177 438
67 104
187 430
87 51
397 250
414 486
449 264
377 249
253 89
76 124
232 270
41 113
426 198
287 68
158 333
216 336
123 283
292 310
65 380
213 462
482 128
448 283
392 177
385 498
266 461
474 499
231 15
112 9
65 251
77 224
84 293
60 207
428 204
17 493
84 83
307 66
211 107
202 455
285 87
305 51
48 280
402 280
295 367
141 361
118 219
437 203
12 497
410 441
53 280
286 138
363 94
56 426
53 258
381 338
345 187
242 394
467 144
26 114
11 167
327 482
238 264
185 251
113 447
44 167
79 182
157 294
128 213
220 182
324 102
20 21
141 114
267 108
259 293
74 122
313 402
104 51
166 141
154 132
441 50
299 20
233 456
315 361
21 387
43 345
341 416
367 482
30 486
442 141
132 17
264 445
271 220
348 289
214 355
421 155
405 220
27 138
28 194
352 50
82 247
247 423
163 466
258 194
453 52
187 85
69 451
30 192
24 230
482 238
85 403
245 343
476 272
333 4
467 185
406 49
433 154
324 96
120 434
142 73
487 330
158 408
133 40
101 9
271 83
247 208
338 492
51 314
117 385
319 84
422 77
485 355
231 161
304 352
448 298
277 435
480 436
195 114
328 296
123 451
231 223
160 70
67 63
236 184
300 407
120 75
485 105
430 216
119 86
420 67
237 198
354 217
134 49
183 462
198 159
414 429
234 426
351 301
341 88
338 142
495 458
217 480
416 499
49 387
438 469
454 175
167 308
244 153
209 428
468 407
439 234
189 173
160 40
474 353
480 164
495 328
123 64
160 391
416 209
278 354
31 84
381 198
244 477
204 453
405 172
213 196
406 402
369 418
442 196
123 275
360 471
103 335
35 263
78 303
325 356
9 356
292 390
54 36
368 110
490 125
282 203
322 40
457 43
310 399
239 434
26 452
405 129
287 292
393 366
96 70
74 457
426 367
348 332
403 68
443 245
45 77
300 219
118 257
263 280
9 354
66 35
306 323
17 446
468 262
164 416
332 238
373 258
457 73
90 213
141 33
310 39
111 111
258 81
220 373
213 81
228 132
469 386
455 486
332 423
248 496
339 80
87 213
190 44
138 280
257 280
166 68
171 129
31 281
62 103
155 127
185 235
259 6
121 215
492 306
490 92
302 182
24 389
247 214
286 385
346 43
17 364
463 188
493 494
322 55
450 477
35 135
64 294
493 37
361 485
343 352
429 146
386 305
387 133
19 25
18 217
69 388
82 384
428 75
231 250
483 181
79 18
168 143
164 161
181 26
498 24
230 427
22 116
232 262
101 103
287 471
320 208
359 254
93 288
182 324
390 165
357 470
35 25
113 199
186 146
77 36
23 307
315 397
423 47
159 24
2 299
496 174
7 207
429 452
495 463
128 238
128 485
208 15
362 173
66 400
320 144
436 195
451 251
92 227
150 104
103 4
403 451
31 262
159 312
67 6
275 195
244 255
33 452
270 247
478 188
148 150
332 436
345 136
40 289
363 42
393 318
47 148
270 78
411 281
390 478
287 165
25 384
420 410
188 42
158 166
230 158
316 415
94 13
51 134
303 266
177 196
84 76
345 206
6 108
487 396
438 127
413 463
11 185
374 199
79 384
218 309
42 34
76 488
48 479
475 351
245 152
399 182
80 96
240 86
204 228
334 142
207 247
106 218
284 332
269 363
68 487
24 110
22 101
450 422
80 425
125 178
77 376
212 9
473 452
95 177
32 429
320 239
28 278
309 312
462 79
175 30
66 200
492 440
153 442
214 85
368 191
263 297
68 327
159 41
280 254
70 164
36 242
256 64
372 65
377 334
496 404
216 63
104 60
355 109
355 422
195 75
113 310
224 181
138 383
74 270
138 145
286 174
387 42
238 260
460 467
446 456
372 15
371 328
75 227
438 282
1 485
357 114
295 82
148 285
465 222
407 455
219 194
481 107
88 72
219 48
39 17
5 263
32 376
92 460
455 382
242 456
367 452
423 14
34 71
152 351
145 59
159 365
105 140
324 194
64 395
242 104
412 99
219 297
328 311
257 135
45 351
92 412
303 15
279 189
438 431
393 83
342 404
448 448
44 272
142 109
167 236
65 432
188 284
229 16
448 338
151 493
189 95
258 345
462 37
34 400
320 279
336 162
183 284
110 80
409 104
41 428
341 458
360 381
242 441
397 42
279 400
36 321
348 146
166 310
183 52
63 3
332 399
165 367
35 128
447 444
232 340
373 425
298 85
306 41
379 55
435 158
308 323
479 156
469 497
318 4
50 381
7 234
280 25
101 316
5 401
112 237
241 337
15 40
275 173
433 154
229 220
164 389
44 144
45 13
493 363
18 43
97 377
277 229
254 231
397 259
484 10
349 77
347 364
469 474
37 402
128 118
475 293
7 19
289 404
384 282
268 254
178 217
132 307
446 386
390 344
498 374
354 347
452 53
211 421
28 100
176 8
219 151
301 226
22 442
131 406
77 251
161 255
468 145
62 266
383 305
110 381
179 316
228 483
222 291
405 102
392 433
110 111
436 264
189 458
58 320
216 135
423 377
242 243
22 157
10 258
462 472
139 141
141 220
125 363
11 382
465 403
167 427
366 103
43 56
61 102
228 277
237 152
7 332
247 381
489 257
139 451
82 131
92 223
351 69
438 362
303 255
118 470
182 336
73 226
392 486
180 473
116 269
477 475
101 224
208 90
334 348
41 416
331 486
491 182
55 429
396 211
184 14
181 218
203 107
296 95
445 476
420 61
246 397
388 347
122 97
290 308
297 331
224 128
169 215
310 225
496 206
288 180
73 469
398 276
428 47
223 374
23 144
287 121
393 176
321 15
273 111
323 422
294 399
50 464
466 212
189 462
418 329
494 343
298 245
471 227
292 47
453 167
43 240
289 436
268 110
304 41
73 479
315 367
379 365
331 197
77 372
12 348
201 6
43 352
251 15
431 395
414 384
63 457
124 204
393 393
166 197
286 239
29 102
106 260
319 438
457 397
162 469
97 364
328 140
216 79
7 147
327 421
383 390
378 359
94 124
252 260
173 391
351 202
345 457
462 16
247 272
265 410
241 362
126 69
3 342
1 362
341 328
284 224
70 14
83 16
138 188
128 164
431 479
366 276
288 181
144 36
453 410
298 46
272 424
468 127
118 469
490 459
149 274
35 219
140 118
87 279
158 215
443 89
46 161
217 334
194 362
222 147
272 20
46 44
444 14
24 62
483 14
373 484
140 408
55 280
379 142
411 37
357 206
127 255
368 344
89 414
58 312
414 330
332 460
227 129
474 251
43 309
117 417
293 257
177 348
37 56
490 301
94 199
7 221
454 227
417 395
142 328
207 56
158 392
16 237
373 490
340 416
151 457
185 444
66 215
144 456
271 134
257 365
185 264
438 491
492 208
238 134
36 446
190 46
190 58
284 63
400 476
331 51
434 369
495 352
84 139
308 355
125 417
73 162
182 363
5 26
71 243
12 107
41 54
6 231
112 290
146 12
266 330
63 52
199 410
257 135
49 65
342 26
483 415
188 17
131 45
43 202
288 55
162 330
461 168
413 73
310 60
437 428
390 0
333 441
410 90
76 311
7 270
189 342
186 229
359 169
274 254
371 62
161 385
244 122
405 158
195 67
218 132
496 460
484 181
401 246
123 329
409 130
99 98
473 137
327 184
306 453
439 30
16 100
267 112
75 173
270 122
240 340
107 88
152 91
121 405
190 244
86 99
375 186
198 200
175 377
384 334
331 323
364 199
276 483
311 351
156 434
473 249
126 80
337 131
24 459
36 214
55 123
313 430
161 363
130 188
93 15
22 424
190 238
475 466
222 138
317 230
424 143
479 51
223 169
34 99
480 70
313 35
45 479
318 58
194 448
247 287
315 121
63 6
212 38
472 286
29 142
16 453
285 348
356 360
17 390
460 349
313 125
384 210
104 202
269 151
3 368
438 170
341 354
176 405
244 1
191 273
495 60
227 280
408 83
492 277
326 452
126 139
78 362
201 34
65 322
185 420
190 124
90 384
330 119
289 74
120 333
348 115
393 75
247 153
10 239
430 336
44 408
327 122
270 29
8 187
351 194
107 394
170 50
130 0
169 271
74 141
104 422
108 349
349 355
2 360
446 284
48 490
192 228
464 463
109 473
2 312
167 110
58 337
12 40
337 181
312 263
174 268
186 282
118 387
489 120
99 435
405 0
426 449
228 242
412 189
215 415
1 382
377 412
71 389
452 260
422 264
24 96
33 62
230 151
449 219
123 49
154 380
49 432
330 129
175 94
318 242
361 171
125 90
435 48
331 388
161 253
4 185
201 37
99 431
40 400
150 16
449 157
248 350
89 430
331 116
25 1
359 238
173 336
329 460
236 12
348 397
266 353
434 319
242 33
251 135
434 253
3 235
410 251
438 352
182 269
468 59
271 179
149 296
15 330
256 252
343 105
149 461
310 84
280 404
469 383
391 403
137 394
491 399
498 429
251 32
198 72
443 469
251 92
117 119
275 374
223 118
331 372
79 493
308 211
397 278
95 141
33 84
387 24
335 237
453 439
269 152
11 64
473 114
9 443
85 284
317 308
254 0
181 333
493 341
396 242
119 491
235 5
427 123
29 263
360 483
202 482
487 65
398 312
31 407
255 117
43 424
425 297
276 458
482 121
300 379
216 271
222 451
276 150
74 306
265 287
141 467
269 480
384 167
144 415
427 400
32 470
176 458
120 305
416 102
426 68
333 142
340 56
94 116
206 20
274 471
307 267
290 428
247 174
448 392
89 227
144 474
49 172
284 169
477 52
124 404
121 457
398 313
13 492
281 71
365 56
394 24
175 184
305 423
210 253
167 152
332 311
126 381
335 262
403 313
314 27
69 435
484 467
248 498
312 382
421 177
438 316
201 113
352 6
388 63
111 55
67 443
218 45
177 54
307 80
219 121
107 288
409 91
107 9
441 419
391 363
448 181
31 150
147 383
8 35
298 120
443 217
415 161
262 92
67 421
24 138
43 131
278 304
75 386
313 368
157 57
83 106
238 114
108 385
350 116
273 0
88 216
218 4
229 332
448 297
254 473
435 149
456 214
453 31
452 118
400 109
175 483
67 266
450 175
3 300
292 276
300 232
344 370
88 74
203 37
371 457
362 158
106 170
224 411
202 28
29 454
138 57
437 205
175 239
233 178
39 377
307 192
109 151
414 198
225 117
87 448
426 301
459 384
471 35
147 25
64 29
479 54
86 269
111 113
8 344
143 400
221 450
92 183
454 358
381 31
476 320
332 254
473 291
491 444
326 138
470 242
167 301
296 105
70 408
218 79
252 362
331 326
164 423
9 118
133 242
2 461
414 334
216 387
125 207
183 303
345 153
398 365
307 194
470 377
454 189
308 207
403 139
385 67
414 246
38 48
488 392
9 402
226 77
141 203
136 324
6 334
330 404
199 137
451 169
366 405
210 175
464 113
166 201
33 81
447 423
481 435
315 490
189 41
420 182
244 56
7 102
390 189
359 89
326 162
111 192
67 321
219 384
287 386
85 172
319 33
95 300
320 262
142 362
303 62
44 399
119 403
353 361
92 64
303 270
226 414
315 146
87 386
30 374
272 467
46 443
0 493
243 321
255 386
35 410
300 431
161 419
335 15
281 279
431 84
402 10
350 217
156 437
103 38
164 228
5 62
171 358
56 267
31 311
5 66
74 305
497 235
77 184
102 210
464 34
294 366
44 496
435 52
285 390
442 449
118 447
12 142
157 68
261 188
231 266
254 305
71 104
41 0
140 143
210 456
29 356
174 425
352 109
477 138
0 419
87 470
219 451
464 376
19 225
417 103
343 171
260 267
127 301
267 268
297 478
224 178
334 399
104 39
360 81
177 360
353 116
183 424
68 499
152 439
77 69
394 420
93 155
39 220
308 307
340 105
137 65
284 323
316 388
362 176
321 391
389 26
8 424
302 428
423 455
219 0
24 114
273 469
269 312
190 77
119 30
35 108
447 171
432 263
411 294
292 84
186 181
111 46
457 265
474 380
220 45
233 97
159 6
66 280
318 108
210 290
139 245
398 438
268 182
54 179
477 346
263 15
379 226
61 336
492 387
68 64
432 301
161 444
159 228
224 330
336 286
120 327
383 370
118 151
53 172
330 382
370 446
397 249
24 310
437 16
49 5
81 333
159 94
277 318
174 354
148 363
492 120
190 376
343 160
27 396
332 210
278 202
156 27
303 180
189 92
49 238
450 482
71 109
76 201
279 251
407 280
114 399
400 156
275 243
317 155
491 1
365 121
56 21
0 359
53 189
304 102
279 254
84 203
363 161
404 494
264 163
274 378
414 27
386 42
122 203
197 466
205 62
87 261
83 440
472 488
129 276
91 409
30 27
112 245
40 368
92 304
383 366
34 297
245 421
339 220
124 388
186 181
450 125
294 385
65 119
374 47
395 317
308 278
196 272
375 237
492 467
393 375
186 428
24 283
349 216
3 325
104 41
359 55
167 153
440 84
272 166
483 20
483 291
298 180
415 25
269 407
493 162
134 31
90 11
314 291
227 170
117 331
211 328
238 378
481 31
315 106
197 298
126 33
442 276
65 209
153 334
469 146
348 103
29 439
114 344
82 193
14 51
25 77
379 263
308 213
294 123
319 344
273 297
377 67
425 294
129 78
480 98
77 328
53 106
119 20
302 202
213 168
253 238
246 485
354 54
198 0
29 17
196 302
166 73
222 91
219 351
21 199
449 98
28 354
57 499
374 359
201 88
380 307
178 126
292 32
32 490
385 61
359 81
215 25
7 289
116 226
140 137
278 441
88 158
296 145
157 170
356 211
258 236
18 437
214 162
321 246
152 58
159 363
492 375
388 499
16 356
77 157
345 207
450 433
365 246
430 375
269 287
86 27
375 456
316 90
118 490
188 122
400 348
485 392
75 373
243 91
229 321
100 426
380 51
360 246
297 142
121 66
429 207
446 305
163 114
247 133
104 435
255 5
135 240
397 210
113 141
154 194
314 254
120 194
305 332
292 455
475 413
373 256
472 319
413 487
434 160
120 390
448 227
247 83
467 497
146 432
490 300
126 156
406 99
202 212
283 495
19 258
260 392
367 85
64 280
72 350
293 45
240 93
124 340
176 92
337 174
376 179
474 355
335 381
454 37
445 237
384 464
348 145
356 215
230 420
347 154
270 492
51 363
85 28
55 262
120 244
436 496
423 263
351 110
496 157
499 293
247 384
257 95
381 465
162 463
238 361
469 360
354 21
75 439
49 130
53 21
374 342
369 297
457 73
259 453
82 259
98 329
495 355
276 376
172 290
339 262
152 308
123 358
181 198
297 82
181 203
455 55
397 177
205 354
250 316
159 332
75 257
162 70
464 290
298 136
81 137
399 233
298 374
91 479
424 240
414 105
295 369
13 192
46 70
46 148
386 205
481 314
314 495
384 278
137 183
415 218
172 166
303 470
40 246
302 464
339 216
422 134
437 435
327 336
357 225
484 243
431 317
57 97
164 294
376 302
477 291
372 1
309 176
472 349
274 126
165 113
342 87
248 131
374 427
467 231
152 304
475 435
121 384
33 138
178 409
292 7
52 164
9 361
192 333
62 467
459 227
432 153
167 32
284 41
459 104
125 112
408 100
47 381
336 432
371 15
341 163
374 245
180 383
458 224
68 20
43 27
100 476
180 267
8 317
160 468
273 285
432 181
237 479
414 74
264 286
441 457
301 315
203 481
199 161
206 267
34 249
147 486
225 179
105 86
496 265
54 121
403 486
302 140
317 69
66 433
355 7
391 156
323 94
490 374
107 196
493 493
445 492
331 23
172 436
109 20
54 15
142 457
353 296
449 22
365 368
456 220
227 347
229 402
293 219
276 252
415 122
98 212
114 429
87 138
366 48
159 420
63 153
229 268
449 30
291 315
250 99
387 478
446 116
380 91
187 9
195 454
483 293
19 97
223 106
88 441
7 247
213 422
400 442
191 201
324 334
16 75
433 404
53 231
372 433
322 412
294 17
218 277
163 237
227 386
196 315
327 203
414 40
125 314
334 316
15 10
150 384
85 435
140 490
166 364
276 340
276 70
210 347
348 373
84 427
111 280
242 438
335 156
330 313
322 16
481 189
26 484
73 464
419 65
454 86
430 230
278 58
153 488
405 353
213 342
280 324
474 22
262 310
178 444
123 352
460 456
41 339
440 467
303 360
32 257
298 314
340 76
373 493
417 130
346 130
472 126
455 447
0 69
109 30
14 84
382 326
40 275
165 481
242 468
193 275
78 491
89 418
419 314
411 336
445 109
319 269
87 274
216 87
195 325
469 61
261 351
388 302
478 405
283 221
374 476
348 452
319 289
222 90
104 133
279 401
94 98
170 181
224 239
120 419
416 89
481 178
292 221
480 270
126 115
491 0
443 191
304 262
481 26
352 437
11 131
190 105
81 212
138 305
451 258
77 368
347 58
398 139
279 230
410 257
345 253
110 288
445 414
402 278
293 106
215 156
90 405
262 171
469 400
329 421
159 406
141 358
316 391
350 447
121 260
204 466
365 314
106 162
81 8
440 226
114 7
382 204
264 496
228 234
397 409
155 408
315 148
118 483
39 468
282 160
80 338
126 446
5 232
108 86
92 401
312 206
408 46
263 173
43 343
407 292
252 414
200 419
62 318
254 453
139 36
113 219
374 91
17 379
175 126
317 267
27 481
325 435
28 440
460 71
135 367
363 387
281 415
158 195
85 412
148 224
300 261
296 27
204 313
406 379
291 76
498 170
57 324
106 437
116 66
360 252
286 75
491 67
490 150
263 428
414 411
4 67
25 300
94 229
466 352
109 257
428 107
428 338
283 386
127 400
304 488
4 90
63 495
10 406
497 125
186 264
36 190
331 413
343 425
143 309
129 104
418 410
63 198
100 347
84 227
99 241
215 103
331 131
450 193
389 448
318 75
212 207
265 395
120 460
172 115
269 301
71 40
63 135
238 163
334 175
391 433
416 458
388 99
441 338
293 330
138 463
405 202
170 171
97 143
131 269
110 253
423 182
145 486
317 383
150 3
58 393
288 326
351 176
426 293
366 71
475 357
34 381
59 57
404 9
52 387
278 162
492 201
196 137
188 365
21 190
368 431
83 156
258 286
332 184
431 51
107 407
408 141
288 319
198 192
328 250
431 459
265 424
160 461
61 200
327 434
242 195
366 325
352 476
464 36
12 395
439 119
302 199
260 90
19 311
134 347
413 66
158 178
490 319
492 51
371 319
486 466
366 204
291 70
180 255
459 192
3 398
311 305
98 423
248 469
234 382
316 0
300 475
178 142
146 22
46 369
341 384
335 60
88 479
130 120
86 441
312 89
340 475
247 290
398 495
259 485
377 427
485 30
254 15
172 252
38 218
122 231
102 309
143 42
140 126
162 227
67 474
168 259
301 415
49 52
410 308
389 140
236 374
170 490
241 342
243 131
413 217
215 15
378 210
58 19
336 220
246 404
47 266
163 200
182 213
252 92
373 141
84 461
367 254
452 461
449 47
444 214
116 159
81 494
370 139
13 206
212 111
462 111
378 478
311 60
43 416
4 416
57 441
378 277
47 182
238 348
81 182
62 197
194 144
43 416
135 57
122 199
168 437
162 398
415 474
458 310
242 315
226 151
108 456
428 155
490 18
4 71
53 66
120 247
62 164
163 198
221 137
249 241
426 412
140 193
386 450
3 480
117 230
131 225
38 412
381 29
430 237
452 335
303 73
82 218
89 97
416 310
235 165
403 13
77 395
207 315
346 210
147 315
292 279
41 331
43 274
212 325
11 16
161 166
441 243
384 30
193 152
192 280
170 96
293 247
491 0
415 189
211 62
357 355
193 398
38 236
24 250
62 387
119 223
53 60
318 290
91 363
442 283
143 112
231 289
212 75
289 479
116 352
393 473
60 87
223 98
175 99
201 89
486 320
164 392
380 335
182 323
198 476
459 194
89 42
483 153
117 272
132 86
477 25
411 37
464 135
135 492
234 188
81 73
8 246
465 241
81 147
64 131
123 375
325 64
418 308
69 387
433 201
325 410
79 237
299 395
372 286
387 458
475 469
31 335
67 348
76 148
347 493
131 323
220 457
387 138
265 309
378 198
10 203
460 441
440 259
337 164
398 224
475 373
45 358
60 112
207 137
112 54
482 244
229 202
201 469
193 318
278 423
17 288
126 477
82 419
89 419
435 339
495 410
64 393
269 124
5 476
113 470
382 95
214 112
150 267
81 195
85 359
118 102
499 96
432 433
15 373
352 451
212 200
213 128
93 482
252 450
310 366
420 45
313 486
157 315
253 90
10 339
301 128
293 152
225 77
86 92
450 290
395 14
490 109
142 435
443 247
386 254
465 306
299 278
293 308
446 398
250 456
237 51
437 383
55 14
460 141
106 263
432 354
277 274
463 272
210 406
371 96
12 336
254 311
466 399
471 412
150 221
221 387
124 158
270 180
172 83
321 130
346 105
484 475
380 447
