1173
11 1983
11 1984
12 1983
12 1984
24 44
24 45
25 44
25 45
28 1136
28 1137
29 1136
29 1137
30 1060
31 1059
31 1061
32 1059
32 1062
33 1060
33 1061
33 1949
33 1950
34 1949
34 1950
41 2342
41 2343
42 2342
42 2343
69 1314
69 1315
70 1313
70 1316
71 1314
71 1315
92 149
92 150
93 149
93 150
100 246
100 247
101 246
101 247
104 2208
104 2209
105 2208
105 2209
116 753
117 752
117 754
118 752
118 754
119 753
122 393
122 394
123 392
123 395
124 393
124 394
124 2596
124 2597
125 2596
125 2597
133 2880
133 2881
134 2880
134 2881
149 165
149 166
150 165
150 166
150 2936
150 2937
150 2938
153 1574
153 1575
153 2869
153 2870
154 1574
154 1575
154 2869
154 2870
161 1402
161 1403
162 1402
162 1403
205 2251
205 2252
206 2251
206 2252
214 377
214 378
214 379
227 2380
227 2381
228 2379
228 2382
229 1877
229 2380
229 2381
230 1877
231 1877
232 2139
232 2140
232 2141
240 2019
240 2020
240 2021
251 2983
251 2984
251 2985
263 2202
263 2203
264 2202
264 2203
284 2460
284 2461
285 2459
285 2462
286 2460
286 2461
288 2745
289 2571
289 2572
289 2745
290 2571
290 2572
290 2745
360 1114
361 1114
362 1114
393 2320
393 2321
394 2319
394 2322
395 2320
395 2321
466 457
466 458
466 459
475 713
475 714
476 713
476 714
476 2737
477 2736
477 2738
478 2736
478 2738
479 2737
482 424
482 425
482 426
484 422
484 428
485 422
485 428
486 422
486 428
488 424
488 425
488 426
494 2840
494 2841
495 2840
495 2841
501 1613
501 1614
502 1613
502 1614
510 2235
511 2234
511 2236
512 2235
523 457
524 146
524 147
524 457
525 146
525 147
525 457
551 2228
551 2229
552 1480
552 1481
552 2228
552 2229
553 1480
553 1481
561 2306
561 2307
562 2305
562 2308
563 2305
563 2307
564 2306
572 1634
572 1635
572 1636
576 2349
576 2350
577 2349
577 2350
579 970
579 971
580 970
580 971
584 1514
584 1515
584 1516
598 430
599 430
600 430
606 2861
607 2861
608 2861
640 2089
640 2090
641 2089
641 2090
675 608
675 609
675 610
677 606
677 612
678 606
678 612
679 606
679 612
681 255
681 256
681 608
681 609
681 610
682 255
682 256
708 478
708 479
709 478
709 479
754 2278
754 2279
755 2278
755 2279
762 780
762 1700
763 780
763 1699
763 1701
764 780
764 1699
764 1701
765 1700
779 685
779 686
780 685
780 686
794 55
795 55
796 55
820 2364
821 2364
822 2364
832 116
833 116
834 116
843 1690
843 1691
844 1690
844 1691
849 755
850 755
851 755
860 1385
860 1386
861 1385
861 1386
876 2171
876 2172
877 2171
877 2172
884 1954
884 1955
885 1954
885 1955
896 2865
896 2866
897 2865
897 2866
904 1944
905 1944
906 1944
910 111
910 112
910 113
910 270
910 271
910 272
916 2395
916 2783
916 2784
917 2394
917 2396
917 2783
917 2784
918 2394
918 2396
919 2395
932 2597
933 2597
934 2597
940 414
940 415
941 414
941 415
949 2321
949 2322
949 2323
953 1553
953 1554
953 1555
965 2832
965 2833
966 2832
966 2833
968 2592
968 2593
969 2592
969 2593
973 1816
973 1817
974 1816
974 1817
981 1361
982 1361
983 1361
998 2506
998 2507
999 2506
999 2507
1008 2289
1008 2290
1009 927
1009 2289
1009 2290
1010 927
1011 927
1026 1847
1026 1848
1027 1847
1027 1848
1032 1982
1032 1983
1033 1981
1033 1984
1034 1982
1034 1983
1047 1236
1047 1237
1048 1236
1048 1237
1054 291
1055 291
1056 291
1077 1366
1077 1367
1077 2974
1077 2975
1077 2976
1078 1366
1078 1367
1123 1079
1123 1080
1123 1081
1128 1043
1128 1044
1129 1043
1129 1044
1151 746
1152 745
1152 747
1152 2411
1152 2412
1153 745
1153 747
1153 2411
1153 2412
1154 142
1154 143
1154 746
1155 142
1155 143
1165 2580
1165 2581
1165 2690
1165 2691
1166 2580
1166 2581
1166 2690
1166 2691
1183 827
1184 827
1185 827
1186 444
1187 444
1187 823
1187 824
1187 825
1187 829
1187 830
1187 831
1188 444
1189 827
1190 827
1191 827
1197 1752
1198 1752
1199 1752
1212 2183
1213 2182
1213 2184
1214 2182
1214 2184
1215 2183
1217 2178
1217 2179
1217 2187
1217 2188
1218 2177
1218 2180
1218 2186
1218 2189
1219 2178
1219 2179
1219 2187
1219 2188
1219 2458
1219 2459
1220 2458
1220 2459
1221 2183
1222 2182
1222 2184
1223 2182
1223 2184
1224 2183
1225 2939
1225 2940
1226 2939
1226 2940
1227 1548
1227 1549
1227 2135
1227 2136
1227 2137
1228 1548
1228 1549
1247 2123
1248 1996
1248 1997
1248 1998
1248 2122
1248 2124
1249 2122
1249 2124
1250 2123
1288 2600
1288 2601
1289 2600
1289 2601
1300 662
1300 663
1301 662
1301 663
1303 1867
1303 1868
1303 1869
1330 321
1330 322
1331 321
1331 322
1331 1562
1331 1563
1332 1562
1332 1563
1342 531
1342 532
1343 531
1343 532
1344 1088
1344 1089
1344 2586
1344 2587
1345 1088
1345 1089
1345 2586
1345 2587
1353 125
1354 125
1355 125
1361 1018
1361 1019
1361 2110
1362 1018
1362 1019
1362 2110
1363 2110
1372 2163
1373 2162
1373 2164
1374 2162
1374 2164
1375 2163
1379 95
1379 96
1380 95
1380 96
1382 18
1383 18
1384 18
1385 27
1385 28
1386 27
1386 28
1394 9
1394 10
1395 9
1395 10
1398 261
1399 260
1399 262
1400 260
1400 262
1401 261
1420 1771
1421 1771
1422 1771
1427 988
1427 989
1427 990
1432 1422
1432 1423
1433 1422
1433 1423
1436 963
1436 964
1437 963
1437 964
1444 2773
1444 2774
1444 2775
1447 1521
1447 1522
1448 1521
1448 1522
1448 2599
1448 2600
1449 1026
1449 1027
1449 2598
1449 2601
1450 1026
1450 1027
1450 2599
1450 2600
1454 1396
1454 1397
1454 1398
1481 2670
1481 2671
1482 2670
1482 2671
1513 1737
1513 1738
1514 1737
1514 1738
1528 524
1528 525
1529 524
1529 525
1546 1862
1546 1863
1547 1862
1547 1863
1553 1443
1554 1443
1555 1443
1570 10
1570 11
1571 9
1571 12
1572 10
1572 11
1573 2260
1574 2260
1575 2260
1580 167
1580 168
1581 167
1581 168
1582 2951
1582 2952
1583 2951
1583 2952
1593 2300
1594 1394
1594 1395
1594 2299
1594 2301
1595 790
1595 791
1595 1394
1595 1395
1595 2300
1595 2301
1596 790
1596 791
1626 1
1626 2
1626 740
1627 1
1627 2
1627 739
1627 741
1628 739
1628 741
1629 740
1637 1008
1637 1009
1638 1008
1638 1009
1671 148
1671 149
1672 148
1672 149
1673 113
1673 114
1674 113
1674 114
1680 1214
1681 355
1681 356
1681 1214
1682 355
1682 356
1682 1214
1682 1224
1682 1225
1683 1224
1683 1225
1684 1210
1684 1211
1684 1212
1684 1216
1684 1217
1684 1218
1686 1214
1687 1214
1688 1214
1697 2992
1697 2993
1698 2992
1698 2993
1712 4
1713 4
1714 4
1732 24
1732 25
1733 24
1733 25
1751 299
1751 300
1752 299
1752 300
1784 1526
1784 1527
1785 1526
1785 1527
1802 1248
1802 1249
1803 1248
1803 1249
1820 2091
1820 2092
1820 2093
1827 1224
1828 1223
1828 1225
1829 1223
1829 1225
1830 1224
1849 2998
1849 2999
1850 2998
1850 2999
1908 1713
1908 1714
1909 1713
1909 1714
1913 2882
1913 2883
1913 2884
1924 1683
1924 1684
1925 1683
1925 1684
1935 721
1935 722
1936 721
1936 722
1936 732
1936 733
1937 732
1937 733
1947 1184
1947 1185
1948 1184
1948 1185
1948 2864
1948 2865
1949 2864
1949 2865
1950 2893
1950 2894
1951 1439
1951 1440
1951 2893
1951 2894
1952 1439
1952 1440
1967 2404
1967 2405
1967 2406
1974 1668
1974 1669
1974 1670
1988 669
1989 669
1990 669
2010 1149
2010 1150
2011 1149
2011 1150
2013 1183
2013 1184
2013 2077
2013 2078
2014 1183
2014 1184
2014 2077
2014 2078
2034 2074
2034 2075
2035 2074
2035 2075
2042 480
2042 481
2043 480
2043 481
2043 2650
2043 2651
2044 2650
2044 2651
2047 719
2048 719
2049 719
2073 704
2073 705
2074 704
2074 705
2077 391
2077 392
2077 393
2105 1552
2105 1553
2105 1554
2151 2606
2151 2607
2152 2605
2152 2608
2153 2163
2153 2164
2153 2606
2153 2607
2154 2163
2154 2164
2164 403
2165 402
2165 404
2166 402
2166 404
2167 403
2170 700
2170 701
2171 700
2171 701
2183 1424
2183 1425
2184 1424
2184 1425
2211 1845
2212 1845
2213 1845
2232 2134
2232 2135
2233 2134
2233 2135
2246 1743
2246 1744
2247 1743
2247 1744
2249 836
2249 837
2250 836
2250 837
2251 2370
2251 2371
2252 2235
2252 2236
2252 2370
2252 2371
2253 2235
2253 2236
2260 2869
2260 2870
2260 2871
2264 2252
2264 2253
2264 2254
2264 2961
2264 2962
2265 2961
2265 2962
2268 1263
2268 1264
2269 1263
2269 1264
2269 1627
2269 1628
2270 1627
2270 1628
2287 2624
2287 2625
2288 2624
2288 2625
2306 1435
2306 1436
2306 1437
2320 2298
2321 2298
2322 2298
2330 531
2331 300
2331 531
2332 299
2332 301
2332 531
2333 299
2333 301
2334 300
2355 487
2355 488
2355 489
2357 1302
2358 1301
2358 1303
2359 1301
2359 1303
2360 1302
2372 106
2372 107
2373 106
2373 107
2375 620
2375 621
2376 620
2376 621
2379 112
2379 113
2379 535
2379 536
2379 537
2380 112
2380 113
2381 533
2381 539
2382 533
2382 539
2383 533
2383 539
2383 2888
2383 2889
2384 2888
2384 2889
2385 535
2385 536
2385 537
2390 213
2390 214
2391 213
2391 214
2398 2221
2398 2222
2399 2221
2399 2222
2401 1090
2401 1091
2401 1092
2431 2418
2431 2419
2432 2418
2432 2419
2436 908
2436 909
2437 908
2437 909
2448 2830
2448 2831
2449 2829
2449 2832
2450 2830
2450 2831
2457 538
2457 539
2458 538
2458 539
2470 1387
2471 1386
2471 1388
2472 1386
2472 1388
2473 1387
2482 2667
2483 2667
2484 2667
2495 829
2495 830
2496 829
2496 830
2496 2962
2496 2963
2497 2962
2497 2963
2515 700
2515 701
2515 702
2518 561
2518 562
2519 561
2519 562
2540 2651
2540 2652
2541 2651
2541 2652
2553 2424
2553 2425
2554 2424
2554 2425
2559 1476
2560 1476
2561 1476
2575 1451
2576 1451
2577 1451
2580 2861
2580 2862
2581 2861
2581 2862
2594 2971
2594 2972
2595 2971
2595 2972
2602 198
2602 199
2603 198
2603 199
2603 2955
2603 2956
2604 2955
2604 2956
2606 1647
2606 1648
2607 1646
2607 1649
2608 1647
2608 1648
2615 2506
2615 2507
2615 2508
2622 2004
2622 2005
2623 2003
2623 2006
2624 2003
2624 2006
2625 2004
2625 2005
2636 1502
2636 1503
2637 1502
2637 1503
2644 2238
2645 2238
2646 2238
2647 807
2647 808
2648 807
2648 808
2651 1824
2652 1823
2652 1825
2653 1823
2653 1825
2654 1824
2658 245
2659 245
2660 245
2661 1275
2661 1276
2662 1275
2662 1276
2666 1160
2666 1161
2667 1160
2667 1161
2670 1475
2670 1476
2670 1477
2681 2369
2681 2370
2682 1897
2682 1898
2682 2368
2682 2371
2683 1896
2683 1899
2683 2368
2683 2371
2684 1897
2684 1898
2684 2369
2684 2370
2690 1063
2691 1063
2692 1063
2692 1337
2692 1338
2693 1337
2693 1338
2694 425
2694 426
2694 427
2708 153
2709 153
2709 2189
2709 2190
2710 153
2710 2189
2710 2190
2713 1698
2714 1698
2715 1698
2716 1323
2716 1324
2717 356
2717 357
2717 1323
2717 1324
2718 356
2718 357
2732 383
2732 384
2732 385
2733 2461
2733 2462
2734 2461
2734 2462
2736 2532
2736 2533
2737 2532
2737 2533
2754 2385
2754 2386
2755 2385
2755 2386
2788 1017
2788 1018
2789 1017
2789 1018
2789 2841
2789 2842
2790 2841
2790 2842
2841 2297
2841 2298
2842 2297
2842 2298
2848 1374
2848 1375
2848 1376
2867 2932
2867 2933
2868 2931
2868 2934
2869 232
2869 233
2869 2932
2869 2933
2870 232
2870 233
2883 967
2883 968
2884 967
2884 968
2887 1315
2887 1316
2887 1317
2893 1395
2894 1395
2895 1395
2896 2077
2896 2078
2897 2077
2897 2078
2907 1681
2907 1682
2908 1681
2908 1682
2911 1123
2911 2614
2911 2615
2912 1123
2912 2614
2912 2615
2913 1123
2920 1129
2920 1130
2921 1129
2921 1130
2929 1473
2930 1473
2931 1473
2933 1469
2933 1470
2933 1471
2933 1475
2933 1476
2933 1477
2934 1732
2934 2272
2934 2273
2934 2274
2935 1473
2935 1732
2936 1473
2936 1732
2937 1473
2947 1065
2947 1066
2947 1450
2947 1451
2948 1065
2948 1066
2948 1450
2948 1451
2987 508
2987 509
2988 508
2988 509
2988 1100
2989 1100
2990 755
2990 1100
2991 755
2992 755
